Accuracy: 59.67965195197591 Hit: 84.24242424242425 F1: 45.45043796129967 Precision: 50.657287157287186 Recall: 59.67965195197591Accuracy: 46.61192582847512 Hit: 86.11111111111111 F1: 28.31424311789962 Precision: 28.240740740740744 Recall: 46.61192582847512
Accuracy: 64.76458931508228 Hit: 93.63636363636364 F1: 48.53926448325239 Precision: 53.738095238095255 Recall: 64.76458931508228